    20
1            0 0.0769230769230769 0.0128205128205128 0.0256410256410256 0 0.0128205128205128 0.0256410256410256 0.0512820512820513 0.0384615384615385 0.0384615384615385 0.0897435897435897 0.0641025641025641 0.0897435897435897 0.115384615384615 0.0897435897435897 0.0897435897435897 0.128205128205128 0.0897435897435897 0.0769230769230769 0.0128205128205128
2            0.0769230769230769 0 0.0641025641025641 0.0641025641025641 0.0769230769230769 0.0641025641025641 0.0641025641025641 0.0641025641025641 0.0384615384615385 0.0384615384615385 0.0769230769230769 0.0769230769230769 0.128205128205128 0.153846153846154 0.128205128205128 0.141025641025641 0.115384615384615 0.141025641025641 0.128205128205128 0.0641025641025641
3            0.0128205128205128 0.0641025641025641 0 0.0128205128205128 0.0128205128205128 0 0.0128205128205128 0.0641025641025641 0.0256410256410256 0.0256410256410256 0.0769230769230769 0.0769230769230769 0.0769230769230769 0.128205128205128 0.0769230769230769 0.0897435897435897 0.128205128205128 0.0769230769230769 0.0897435897435897 0
4            0.0256410256410256 0.0641025641025641 0.0128205128205128 0 0.0256410256410256 0.0128205128205128 0.0256410256410256 0.0641025641025641 0.0384615384615385 0.0384615384615385 0.0512820512820513 0.0641025641025641 0.0769230769230769 0.115384615384615 0.0769230769230769 0.0897435897435897 0.115384615384615 0.0769230769230769 0.0897435897435897 0.0128205128205128
5            0 0.0769230769230769 0.0128205128205128 0.0256410256410256 0 0.0128205128205128 0.0256410256410256 0.0641025641025641 0.0384615384615385 0.0384615384615385 0.102564102564103 0.0769230769230769 0.102564102564103 0.115384615384615 0.102564102564103 0.0897435897435897 0.128205128205128 0.102564102564103 0.0897435897435897 0.0128205128205128
6            0.0128205128205128 0.0641025641025641 0 0.0128205128205128 0.0128205128205128 0 0.0128205128205128 0.0641025641025641 0.0256410256410256 0.0256410256410256 0.0769230769230769 0.0769230769230769 0.0769230769230769 0.128205128205128 0.0769230769230769 0.0897435897435897 0.115384615384615 0.0769230769230769 0.0897435897435897 0
7            0.0256410256410256 0.0641025641025641 0.0128205128205128 0.0256410256410256 0.0256410256410256 0.0128205128205128 0 0.0769230769230769 0.0384615384615385 0.0384615384615385 0.0897435897435897 0.0897435897435897 0.0769230769230769 0.141025641025641 0.0769230769230769 0.102564102564103 0.141025641025641 0.0897435897435897 0.0769230769230769 0.0128205128205128
8            0.0512820512820513 0.0641025641025641 0.0641025641025641 0.0641025641025641 0.0641025641025641 0.0641025641025641 0.0769230769230769 0 0.0769230769230769 0.0769230769230769 0.0384615384615385 0.0128205128205128 0.102564102564103 0.115384615384615 0.102564102564103 0.115384615384615 0.0897435897435897 0.102564102564103 0.0769230769230769 0.0641025641025641
9            0.0384615384615385 0.0384615384615385 0.0256410256410256 0.0384615384615385 0.0384615384615385 0.0256410256410256 0.0384615384615385 0.0769230769230769 0 0 0.0897435897435897 0.0897435897435897 0.0897435897435897 0.128205128205128 0.0897435897435897 0.0897435897435897 0.128205128205128 0.0897435897435897 0.102564102564103 0.0256410256410256
10           0.0384615384615385 0.0384615384615385 0.0256410256410256 0.0384615384615385 0.0384615384615385 0.0256410256410256 0.0384615384615385 0.0769230769230769 0 0 0.0897435897435897 0.0897435897435897 0.0897435897435897 0.128205128205128 0.0897435897435897 0.0897435897435897 0.128205128205128 0.0897435897435897 0.102564102564103 0.0256410256410256
11           0.0897435897435897 0.0769230769230769 0.0769230769230769 0.0512820512820513 0.102564102564103 0.0769230769230769 0.0897435897435897 0.0384615384615385 0.0897435897435897 0.0897435897435897 0 0.0256410256410256 0.0769230769230769 0.128205128205128 0.0769230769230769 0.102564102564103 0.102564102564103 0.102564102564103 0.0897435897435897 0.0769230769230769
12           0.0641025641025641 0.0769230769230769 0.0769230769230769 0.0641025641025641 0.0769230769230769 0.0769230769230769 0.0897435897435897 0.0128205128205128 0.0897435897435897 0.0897435897435897 0.0256410256410256 0 0.0897435897435897 0.128205128205128 0.0897435897435897 0.102564102564103 0.115384615384615 0.0897435897435897 0.0641025641025641 0.0769230769230769
13           0.0897435897435897 0.128205128205128 0.0769230769230769 0.0769230769230769 0.102564102564103 0.0769230769230769 0.0769230769230769 0.102564102564103 0.0897435897435897 0.0897435897435897 0.0769230769230769 0.0897435897435897 0 0.128205128205128 0 0.0641025641025641 0.179487179487179 0.0256410256410256 0.0384615384615385 0.0769230769230769
14           0.115384615384615 0.153846153846154 0.128205128205128 0.115384615384615 0.115384615384615 0.128205128205128 0.141025641025641 0.115384615384615 0.128205128205128 0.128205128205128 0.128205128205128 0.128205128205128 0.128205128205128 0 0.128205128205128 0.102564102564103 0.0897435897435897 0.141025641025641 0.128205128205128 0.128205128205128
15           0.0897435897435897 0.128205128205128 0.0769230769230769 0.0769230769230769 0.102564102564103 0.0769230769230769 0.0769230769230769 0.102564102564103 0.0897435897435897 0.0897435897435897 0.0769230769230769 0.0897435897435897 0 0.128205128205128 0 0.0641025641025641 0.179487179487179 0.0256410256410256 0.0384615384615385 0.0769230769230769
16           0.0897435897435897 0.141025641025641 0.0897435897435897 0.0897435897435897 0.0897435897435897 0.0897435897435897 0.102564102564103 0.115384615384615 0.0897435897435897 0.0897435897435897 0.102564102564103 0.102564102564103 0.0641025641025641 0.102564102564103 0.0641025641025641 0 0.179487179487179 0.102564102564103 0.0897435897435897 0.0897435897435897
17           0.128205128205128 0.115384615384615 0.128205128205128 0.115384615384615 0.128205128205128 0.115384615384615 0.141025641025641 0.0897435897435897 0.128205128205128 0.128205128205128 0.102564102564103 0.115384615384615 0.179487179487179 0.0897435897435897 0.179487179487179 0.179487179487179 0 0.166666666666667 0.179487179487179 0.128205128205128
18           0.0897435897435897 0.141025641025641 0.0769230769230769 0.0769230769230769 0.102564102564103 0.0769230769230769 0.0897435897435897 0.102564102564103 0.0897435897435897 0.0897435897435897 0.102564102564103 0.0897435897435897 0.0256410256410256 0.141025641025641 0.0256410256410256 0.102564102564103 0.166666666666667 0 0.0512820512820513 0.0769230769230769
19           0.0769230769230769 0.128205128205128 0.0897435897435897 0.0897435897435897 0.0897435897435897 0.0897435897435897 0.0769230769230769 0.0769230769230769 0.102564102564103 0.102564102564103 0.0897435897435897 0.0641025641025641 0.0384615384615385 0.128205128205128 0.0384615384615385 0.0897435897435897 0.179487179487179 0.0512820512820513 0 0.0897435897435897
20           0.0128205128205128 0.0641025641025641 0 0.0128205128205128 0.0128205128205128 0 0.0128205128205128 0.0641025641025641 0.0256410256410256 0.0256410256410256 0.0769230769230769 0.0769230769230769 0.0769230769230769 0.128205128205128 0.0769230769230769 0.0897435897435897 0.128205128205128 0.0769230769230769 0.0897435897435897 0
